 4790 
; 0
0 ; 0
0 ; 
0
0 ; 1
0 ; 1

0 ; 1
0 ; 2
0
 ; 2
0 ; 2
0 
; 3
0 ; 5
0 ; 
12
0 ; 20
0 ; 
28
0 ; 36
0 ; 46

0 ; 54
0 ;
 62
0 ; 70
0 ;
 78
0 ; 87
0 ;
 95
0 ; 103
0 ; 1
13
1 ; 122
0 ;
 132
3 ; 141
0
 ; 150
7 ; 159

17 ; 168
36 ;
 180
58 ; 190

94 ; 200
121 ; 
210
176 ; 222

204 ; 233
268 
; 245
298 ; 257

348 ; 268
374
 ; 279
384 ; 29
0
393 ; 302
3
96 ; 314
400 ; 
325
401 ; 336

402 ; 348
401 ; 359

397 ; 370
39
5 ; 382
384 ; 3
94
374 ; 405
3
14 ; 416
251 ; 
428
191 ; 439

113 ; 451
66 ;
 462
0 ; 473
0
 ; 482
0 ; 491

0 ; 500
0 ; 5
10
0 ; 520
0 ;
 529
0 ; 538
0
 ; 547
0 ; 557
